1000000000000000011
1000000000000101011
1000000000001111010
1000000000011110000
1000000000110001110
1000000001001010011
1000000001100111111
1000000010001010010
1000000010110001101
1000000011011101110
1000000100001110110
1000000101000100100
1000000101111111000
1000000110111110011
1000001000000010100
1000001001001011010
1000001010011000101
1000001011101010110
1000001101000001011
1000001110011100101
1000001111111100011
1000010001100000101
1000010011001001010
1000010100110110010
1000010110100111100
1000011000011101001
1000011010010111000
1000011100010101000
1000011110010111000
1000100000011101010
1000100010100111011
1000100100110101011
1000100111000111010
1000101001011100111
1000101011110110010
1000101110010011011
1000110000110011111
1000110011011000000
1000110101111111100
1000111000101010011
1000111011011000011
1000111110001001101
1001000000111110000
1001000011110101011
1001000110101111100
1001001001101100101
1001001100101100011
1001001111101110110
1001010010110011110
1001010101111011001
1001011001000100111
1001011100010000111
1001011111011110111
1001100010101111001
1001100110000001001
1001101001010101000
1001101100101010101
1001110000000001111
1001110011011010101
1001110110110100110
1001111010010000001
1001111101101100101
1010000001001010010
1010000100101000110
1010001000001000000
1010001011101000001
1010001111001000101
1010010010101001101
1010010110001011000
1010011001101100100
1010011101001110001
1010100000101111110
1010100100010001001
1010100111110010010
1010101011010010111
1010101110110011000
1010110010010010011
1010110101110001000
1010111001001110101
1010111100101011001
1011000000000110100
1011000011100000100
1011000110111001000
1011001010001111111
1011001101100100111
1011010000111000001
1011010100001001010
1011010111011000011
1011011010100101000
1011011101101111010
1011100000110111000
1011100011111011111
1011100110111110000
1011101001111101001
1011101100111001001
1011101111110001111
1011110010100111001
1011110101011000111
1011111000000110111
1011111010110001001
1011111101010111011
1011111111111001100
1100000010010111011
1100000100110000111
1100000111000101111
1100001001010110001
1100001011100001101
1100001101101000010
1100001111101001110
1100010001100110000
1100010011011100111
1100010101001110011
1100010110111010010
1100011000100000010
1100011010000000011
1100011011011010101
1100011100101110100
1100011101111100010
1100011111000011100
1100100000000100010
1100100000111110010
1100100001110001100
1100100010011101110
1100100011000011000
1100100011100001000
1100100011110111110
1100100100000111000
1100100100001110101