00001100000001100001
00011011001101011001
00100011100011000010
00101010001100011011
00101111111001111101
00110100111111110000
00111001101000100111
00111101111011001000
01000001111011101111
01000101101101100011
01001001010010110111
01001100101101011101
01001111111110101101
01010011000111101101
01010110001001010111
01011001000100011101
01011011111001100101
01011110101001010010
01100001010100000010
01100011111010001101
01100110011100001011
01101000111010001111
01101011010100101010
01101101101011101100
01101111111111100010
01110010010000011000
01110100011110011010
01110110101001110010
01111000110010101010
01111010111001001001
01111100111101010111
01111110111111011011
10000000111111011100
10000010111101100000
10000100111001101101
10000110110100000111
10001000101100110011
10001010100011110110
10001100011001010101
10001110001101010010
10001111111111110010
10010001110000111000
10010011100000100111
10010101001111000010
10010110111100001101
10011000101000001010
10011010010010111011
10011011111100100011
10011101100101000100
10011111001100100000
10100000110010111010
10100010011000010100
10100011111100101110
10100101100000001100
10100111000010101111
10101000100100011000
10101010000101001001
10101011100101000011
10101101000100001000
10101110100010011001
10101111111111111000
10110001011100100110
10110010111000100011
10110100010011110010