100100010001
010010101001
001110010111
001100000111
001010101011
001001101010
001000111000
001000010001
000111110001
000111010110
000110111111
000110101011
000110011010
000110001010
000101111100
000101110000
000101100101
000101011010
000101010001
000101001000
000101000000
000100111000
000100110001
000100101011
000100100101
000100011111
000100011001
000100010100
000100001111
000100001011
000100000110
000100000010
000011111110
000011111010
000011110111
000011110011
000011110000
000011101100
000011101001
000011100110
000011100100
000011100001
000011011110
000011011100
000011011001
000011010111
000011010100
000011010010
000011010000
000011001110
000011001100
000011001010
000011001000
000011000110
000011000100
000011000010
000011000001
000010111111
000010111101
000010111100
000010111010
000010111001
000010110111
000010110110