000000001101
000000100110
000000111111
000001011000
000001110001
000010001010
000010100011
000010111100
000011010101
000011101110
000100000111
000100100000
000100111001
000101010010
000101101011
000110000011
000110011100
000110110100
000111001101
000111100101
000111111110
001000010110
001000101110
001001000110
001001011111
001001110110
001010001110
001010100110
001010111110
001011010101
001011101101
001100000100
001100011011
001100110010
001101001001
001101100000
001101110111
001110001110
001110100100
001110111010
001111010000
001111100110
001111111100
010000010010
010000101000
010000111101
010001010010
010001100111
010001111100
010010010001
010010100110
010010111010
010011001110
010011100010
010011110110
010100001001
010100011101
010100110000
010101000011
010101010110
010101101001
010101111011
010110001101
010110011111
010110110001
010111000011
010111010100
010111100101
010111110110
011000000111
011000010111
011000100111
011000110111
011001000111
011001010110
011001100101
011001110100
011010000011
011010010010
011010100000
011010101110
011010111011
011011001001
011011010110
011011100011
011011110000
011011111100
011100001000
011100010100
011100100000
011100101011
011100110110
011101000001
011101001011
011101010101
011101011111
011101101001
011101110010
011101111011
011110000100
011110001100
011110010101
011110011101
011110100100
011110101011
011110110010
011110111001
011111000000
011111000110
011111001011
011111010001
011111010110
011111011011
011111100000
011111100100
011111101000
011111101100
011111101111
011111110010
011111110101
011111110111
011111111001
011111111011
011111111101
011111111110
011111111111
100000000000
100000000000