0000011001011100
0000010100001010
1111101000101111
0000110110001000
0000110110100000
1111111111110000
1111110101011000
0000101010111110
0000010000000100
1111110111000100
1111100111000100
1111111101010001
0000000111101111
1111111101100001
0000010101100101
0000110101011110
0000011011100011
1111111110110100
0000101010000100
1111100111100110
0000001011101000
0000110110001011
0000100100011000
0000010000001111
1111100110110011
0000101010000110
0000001011010101
1111101100001110
1111111111110111
1111100110111000
0000010101100110
1111110101011110
0000100011011100
1111101000100101
1111110010001101
0000010101101001
0000100111110100
0000001001111001
1111110000111111
0000101001111011
0000101011000000
0000101001000110
1111111001000100
0000011100100000
0000101011111011
0000010111000000
1111111000101101
1111110000100110
1111101110001111
0000110011111110
0000110001001011
0000010000011011
1111100110101110
0000110011100101
1111100110111111
1111110011001101
0000110100111001
1111110101111111
