0001001001001110
0001001110101011
1111101100101100
0000010110001111
0000010011000100
0000000100010110
0000001011110110
1111101010011111
1111011010000011
0000001011111010
1111111101110111
1111011011000100
1111011001010111
0000001001000110
0001001101001101
0000011010000010
0001000111000000
0000000111001111
1111101001011010
1111101111101000
1111011001011110
0000010101111000
0000111100111001
0001010010110110
1111110010101110
0000110101000000
0001011000101010
0000000111001100
0000000011100110
1111110010011000
1111011011011110
0000001011110111
0000111110000101
1111101101000010
0000001011000111
0001001101001001
1111100110111100
1111011001011000
0000001010100111
0000110101010000
0000110011100101
1111101000010011
1111011100101010
